10
0 5746 7972 1285 11091 4295 3035 9135 5355 10546 
5746 0 6804 7031 5835 3351 6291 13537 9161 14948 
7972 6804 0 9257 3119 6697 4937 6733 2617 8144 
1285 7031 9257 0 12376 3772 4320 9658 6640 11069 
11091 5835 3119 12376 0 8696 8056 7702 5736 9113 
4295 3351 6697 3772 8696 0 6184 13430 9054 14841 
3035 6291 4937 4320 8056 6184 0 7246 2870 8657 
9135 13537 6733 9658 7702 13430 7246 0 4376 1709 
5355 9161 2617 6640 5736 9054 2870 4376 0 5787 
10546 14948 8144 11069 9113 14841 8657 1709 5787 0 
