10
0 7259 10866 12340 6467 7174 9082 8930 4053 9744 
7259 0 3607 9473 1878 7317 6215 1913 6920 6877 
10866 3607 0 9452 4399 7338 9164 1936 7083 6856 
12340 9473 9452 0 11351 16790 3258 11386 16393 2596 
6467 1878 4399 11351 0 5439 8093 2463 5042 8755 
7174 7317 7338 16790 5439 0 13532 5404 3391 14194 
9082 6215 9164 3258 8093 13532 0 8128 13135 3484 
8930 1913 1936 11386 2463 5404 8128 0 5147 8790 
4053 6920 7083 16393 5042 3391 13135 5147 0 13797 
9744 6877 6856 2596 8755 14194 3484 8790 13797 0 
