20
0 6455 2243 6518 7332 4529 9435 5522 664 2208 5890 1391 6155 8669 5332 2172 4584 4754 4397 1435 
6455 0 7542 4161 877 1926 5096 8331 5813 8663 8247 7714 7834 2748 7689 8627 7101 7111 6754 7890 
2243 7542 0 8761 8419 5616 10522 7765 1729 1121 5355 852 8398 9756 4511 2047 2341 2511 3092 3538 
6518 4161 8761 0 4358 3819 9257 5824 7182 7974 12408 7909 5327 6909 11850 6714 11102 11272 10915 5383 
7332 877 8419 4358 0 2803 4899 9208 6690 9540 8050 8591 8711 2551 7492 9504 7978 6914 6557 8767 
4529 1926 5616 3819 2803 0 5438 6405 3887 6737 8589 5788 5908 4140 8031 6701 7283 7453 7096 5964 
9435 5096 10522 9257 4899 5438 0 11311 8793 11643 5167 10694 10814 2348 6011 11607 10081 8453 7430 10870 
5522 8331 7765 5824 9208 6405 11311 0 6186 6978 11412 6913 633 10545 10854 5718 10106 10276 9919 4227 
664 5813 1729 7182 6690 3887 8793 6186 0 2850 5226 1901 6819 8027 4668 2814 3920 4090 3733 2077 
2208 8663 1121 7974 9540 6737 11643 6978 2850 0 6476 949 7611 10877 5632 1260 3128 3298 4213 2751 
5890 8247 5355 12408 8050 8589 5167 11412 5226 6476 0 5527 12045 5499 844 6440 4914 3286 2263 7185 
1391 7714 852 7909 8591 5788 10694 6913 1901 949 5527 0 7546 9928 4683 1195 3193 3363 3264 2686 
6155 7834 8398 5327 8711 5908 10814 633 6819 7611 12045 7546 0 10048 11487 6351 10739 10909 10552 4860 
8669 2748 9756 6909 2551 4140 2348 10545 8027 10877 5499 9928 10048 0 5245 10841 9315 7687 6664 10104 
5332 7689 4511 11850 7492 8031 6011 10854 4668 5632 844 4683 11487 5245 0 5596 4070 2442 1419 6627 
2172 8627 2047 6714 9504 6701 11607 5718 2814 1260 6440 1195 6351 10841 5596 0 4388 4558 4201 1491 
4584 7101 2341 11102 7978 7283 10081 10106 3920 3128 4914 3193 10739 9315 4070 4388 0 1628 2651 5879 
4754 7111 2511 11272 6914 7453 8453 10276 4090 3298 3286 3363 10909 7687 2442 4558 1628 0 1023 6049 
4397 6754 3092 10915 6557 7096 7430 9919 3733 4213 2263 3264 10552 6664 1419 4201 2651 1023 0 5692 
1435 7890 3538 5383 8767 5964 10870 4227 2077 2751 7185 2686 4860 10104 6627 1491 5879 6049 5692 0 
