30
0 2033 4244 8906 2754 2645 6320 1725 3355 15955 4967 6550 8354 9688 10274 4175 4891 12449 7076 7674 13403 16448 4402 11075 6743 4000 5013 7678 8944 7114 
2033 0 2211 8165 4787 612 4287 3000 3056 13922 2934 4517 7613 7655 8257 3434 4150 10416 5043 6933 11370 14415 3661 9042 4710 1967 4272 5645 6911 7855 
4244 2211 0 7884 6998 1599 3234 5211 3337 11711 1575 3086 7332 5444 7976 3195 3869 8205 4160 6652 9159 12204 3380 6831 2499 244 3991 3434 5656 8136 
8906 8165 7884 0 9196 8773 11118 7409 11221 9513 6309 4798 1022 7740 3832 5393 4015 6007 12044 1232 6961 10006 4504 9983 7431 7682 3893 9064 13540 16020 
2754 4787 6998 9196 0 5399 9074 1787 6109 18709 7721 9304 8174 12442 13028 3803 5991 15203 9830 9864 16157 19202 6310 13829 9497 6754 5417 10432 11698 9694 
2645 612 1599 8773 5399 0 3675 3612 2448 13310 2464 3975 8221 7043 8865 4042 4758 9804 4431 7541 10758 13803 4269 8430 4098 1355 4880 5033 6299 7247 
6320 4287 3234 11118 9074 3675 0 7287 2965 9635 4809 6320 10566 3378 11210 6387 7103 7099 926 9886 8119 10128 6614 4755 3687 3436 7225 2054 2624 4902 
1725 3000 5211 7409 1787 3612 7287 0 4322 16922 5934 7517 6629 10655 11241 2450 4204 13416 8043 8077 14370 17415 4523 12042 7710 4967 3630 8645 9911 8839 
3355 3056 3337 11221 6109 2448 2965 4322 0 12600 4912 6423 10669 6333 11313 6490 7206 9094 3721 9989 10048 13093 6717 7720 3790 3539 7328 4323 5589 4799 
15955 13922 11711 9513 18709 13310 9635 16922 12600 0 10988 9405 10535 6267 6043 14906 12718 3506 8879 8845 2952 927 12399 4880 9212 11955 13292 8277 7589 10069 
4967 2934 1575 6309 7721 2464 4809 5934 4912 10988 0 1583 5757 4721 6401 3918 2294 7482 5735 5077 8436 11481 1805 6108 1776 1373 2416 2755 7231 9711 
6550 4517 3086 4798 9304 3975 6320 7517 6423 9405 1583 0 4246 3138 4890 5501 3313 5899 7246 3566 6853 9898 2994 5185 2633 2884 3887 4266 8742 11222 
8354 7613 7332 1022 8174 8221 10566 6629 10669 10535 5757 4246 0 7188 4854 4371 3463 7029 11492 1690 7983 11028 3952 9431 6879 7130 3341 8512 12988 15468 
9688 7655 5444 7740 12442 7043 3378 10655 6333 6267 4721 3138 7188 0 7832 8639 6451 3721 4304 6508 4741 6760 6132 2243 2945 5688 7025 2010 5800 8280 
10274 8257 7976 3832 13028 8865 11210 11241 11313 6043 6401 4890 4854 7832 0 9225 7037 4111 12136 3164 3129 6970 6718 10075 7523 7774 7611 9156 13632 16112 
4175 3434 3195 5393 3803 4042 6387 2450 6490 14906 3918 5501 4371 8639 9225 0 2188 11400 7313 6061 12354 15399 2507 10026 5694 2951 1614 6629 8809 11289 
4891 4150 3869 4015 5991 4758 7103 4204 7206 12718 2294 3313 3463 6451 7037 2188 0 9212 8029 3873 10166 13211 489 7838 3506 3667 574 5049 9525 12005 
12449 10416 8205 6007 15203 9804 7099 13416 9094 3506 7482 5899 7029 3721 4111 11400 9212 0 8025 5339 1020 3999 8893 5964 5706 8449 9786 5045 9521 12001 
7076 5043 4160 12044 9830 4431 926 8043 3721 8879 5735 7246 11492 4304 12136 7313 8029 8025 0 10812 9045 9372 7540 3999 4613 4362 8151 2980 1868 3976 
7674 6933 6652 1232 9864 7541 9886 8077 9989 8845 5077 3566 1690 6508 3164 6061 3873 5339 10812 0 6293 9338 3554 8751 6199 6450 4447 7832 12308 14788 
13403 11370 9159 6961 16157 10758 8119 14370 10048 2952 8436 6853 7983 4741 3129 12354 10166 1020 9045 6293 0 3879 9847 6984 6660 9403 10740 6065 10541 13021 
16448 14415 12204 10006 19202 13803 10128 17415 13093 927 11481 9898 11028 6760 6970 15399 13211 3999 9372 9338 3879 0 12892 5373 9705 12448 13785 8770 7504 9854 
4402 3661 3380 4504 6310 4269 6614 4523 6717 12399 1805 2994 3952 6132 6718 2507 489 8893 7540 3554 9847 12892 0 7519 3187 3178 893 4560 9036 11516 
11075 9042 6831 9983 13829 8430 4755 12042 7720 4880 6108 5185 9431 2243 10075 10026 7838 5964 3999 8751 6984 5373 7519 0 4332 7075 8412 3397 3557 6037 
6743 4710 2499 7431 9497 4098 3687 7710 3790 9212 1776 2633 6879 2945 7523 5694 3506 5706 4613 6199 6660 9705 3187 4332 0 2743 4080 1633 6109 8589 
4000 1967 244 7682 6754 1355 3436 4967 3539 11955 1373 2884 7130 5688 7774 2951 3667 8449 4362 6450 9403 12448 3178 7075 2743 0 3789 3678 5858 8338 
5013 4272 3991 3893 5417 4880 7225 3630 7328 13292 2416 3887 3341 7025 7611 1614 574 9786 8151 4447 10740 13785 893 8412 4080 3789 0 5171 9647 12127 
7678 5645 3434 9064 10432 5033 2054 8645 4323 8277 2755 4266 8512 2010 9156 6629 5049 5045 2980 7832 6065 8770 4560 3397 1633 3678 5171 0 4476 6956 
8944 6911 5656 13540 11698 6299 2624 9911 5589 7589 7231 8742 12988 5800 13632 8809 9525 9521 1868 12308 10541 7504 9036 3557 6109 5858 9647 4476 0 2480 
7114 7855 8136 16020 9694 7247 4902 8839 4799 10069 9711 11222 15468 8280 16112 11289 12005 12001 3976 14788 13021 9854 11516 6037 8589 8338 12127 6956 2480 0 
