30
0 2603 7816 6072 4347 3452 6563 6091 7073 712 7459 9138 7597 7557 4383 9257 6795 6380 9149 5595 6281 2069 2132 4492 10080 3745 8004 5894 8382 5776 
2603 0 10419 8675 2576 1371 9166 8264 9676 3149 7320 11741 10200 10160 6986 11860 8968 8983 11752 7512 8884 4242 683 6665 12683 5918 10177 6639 6209 8379 
7816 10419 0 6004 12163 11268 5089 3771 8381 7270 9779 1322 1957 1319 3481 2175 5419 2884 1521 7915 1535 8283 9736 6788 4244 7101 5684 8214 10702 2040 
6072 8675 6004 0 10419 9524 915 9775 2377 5526 3775 4966 7961 4685 2523 3829 10479 8888 4483 1911 5601 6539 7992 8176 4008 7429 11688 2210 4698 6146 
4347 2576 12163 10419 0 1205 10910 9148 11420 4893 9064 13485 11944 11904 8730 13604 6744 10727 13496 9256 10628 3880 2535 5375 14427 5062 7601 8383 8785 10123 
3452 1371 11268 9524 1205 0 10015 8253 10525 3998 8169 12590 11049 11009 7835 12709 7597 9832 12601 8361 9733 2985 1532 5294 13532 4547 8806 7488 7580 9228 
6563 9166 5089 915 10910 10015 0 8860 3292 6017 4690 4051 7046 3770 2180 2914 9564 7973 3568 2826 4686 7030 8483 7261 3517 6514 10773 3125 5613 5231 
6091 8264 3771 9775 9148 8253 8860 0 12152 5379 13550 4809 2796 5090 7252 5946 2404 1579 5292 11686 4174 5268 8223 3773 8015 4086 2171 11985 14473 3629 
7073 9676 8381 2377 11420 10525 3292 12152 0 6773 2356 7343 10338 7062 4900 6206 12856 11265 6860 2164 7978 8130 8993 10553 4137 9806 14065 3037 3557 8523 
712 3149 7270 5526 4893 3998 6017 5379 6773 0 8171 8592 7051 7011 3837 8711 6083 5834 8603 6307 5735 1357 2844 3780 9534 3033 7292 6606 9094 5230 
7459 7320 9779 3775 9064 8169 4690 13550 2356 8171 0 8741 11736 8460 6298 7604 14254 12663 8258 1864 9376 9528 6637 11951 5535 11204 15463 1565 1201 9921 
9138 11741 1322 4966 13485 12590 4051 4809 7343 8592 8741 0 2995 1581 4755 1137 6741 3922 483 6877 2857 9605 11058 8110 3206 8423 6722 7176 9664 3362 
7597 10200 1957 7961 11944 11049 7046 2796 10338 7051 11736 2995 0 3276 5438 4132 5200 1217 3478 9872 2360 8064 9517 6569 6201 6882 4967 10171 12659 1821 
7557 10160 1319 4685 11904 11009 3770 5090 7062 7011 8460 1581 3276 0 3174 1700 5794 4203 1592 6596 1276 8024 9477 6529 2925 6842 7003 6895 9383 1781 
4383 6986 3481 2523 8730 7835 2180 7252 4900 3837 6298 4755 5438 3174 0 4874 7956 6365 4766 4434 3078 4850 6303 5653 5697 4906 9165 4733 7221 3623 
9257 11860 2175 3829 13604 12709 2914 5946 6206 8711 7604 1137 4132 1700 4874 0 6860 5059 654 5740 2976 9724 11177 8229 2069 8542 7859 6039 8527 3481 
6795 8968 5419 10479 6744 7597 9564 2404 12856 6083 14254 6741 5200 5794 7956 6860 0 3983 6752 12390 4878 4726 8927 2303 8719 3050 1209 12689 15177 4333 
6380 8983 2884 8888 10727 9832 7973 1579 11265 5834 12663 3922 1217 4203 6365 5059 3983 0 4405 10799 3287 6847 8300 5352 7128 5665 3750 11098 13586 2742 
9149 11752 1521 4483 13496 12601 3568 5292 6860 8603 8258 483 3478 1592 4766 654 6752 4405 0 6394 2868 9616 11069 8121 2723 8434 7205 6693 9181 3373 
5595 7512 7915 1911 9256 8361 2826 11686 2164 6307 1864 6877 9872 6596 4434 5740 12390 10799 6394 0 7512 7664 6829 10087 5171 9340 13599 873 2787 8057 
6281 8884 1535 5601 10628 9733 4686 4174 7978 5735 9376 2857 2360 1276 3078 2976 4878 3287 2868 7512 0 6748 8201 5253 3841 5566 6087 7811 10299 545 
2069 4242 8283 6539 3880 2985 7030 5268 8130 1357 9528 9605 8064 8024 4850 9724 4726 6847 9616 7664 6748 0 4201 2423 10547 1676 5935 7963 10451 6243 
2132 683 9736 7992 2535 1532 8483 8223 8993 2844 6637 11058 9517 9477 6303 11177 8927 8300 11069 6829 8201 4201 0 6624 12000 5877 10136 5956 6250 7696 
4492 6665 6788 8176 5375 5294 7261 3773 10553 3780 11951 8110 6569 6529 5653 8229 2303 5352 8121 10087 5253 2423 6624 0 9052 747 3512 10386 12874 4748 
10080 12683 4244 4008 14427 13532 3517 8015 4137 9534 5535 3206 6201 2925 5697 2069 8719 7128 2723 5171 3841 10547 12000 9052 0 9365 9928 6044 6564 4386 
3745 5918 7101 7429 5062 4547 6514 4086 9806 3033 11204 8423 6882 6842 4906 8542 3050 5665 8434 9340 5566 1676 5877 747 9365 0 4259 9639 12127 5061 
8004 10177 5684 11688 7601 8806 10773 2171 14065 7292 15463 6722 4967 7003 9165 7859 1209 3750 7205 13599 6087 5935 10136 3512 9928 4259 0 13898 16386 5542 
5894 6639 8214 2210 8383 7488 3125 11985 3037 6606 1565 7176 10171 6895 4733 6039 12689 11098 6693 873 7811 7963 5956 10386 6044 9639 13898 0 2488 8356 
8382 6209 10702 4698 8785 7580 5613 14473 3557 9094 1201 9664 12659 9383 7221 8527 15177 13586 9181 2787 10299 10451 6250 12874 6564 12127 16386 2488 0 10844 
5776 8379 2040 6146 10123 9228 5231 3629 8523 5230 9921 3362 1821 1781 3623 3481 4333 2742 3373 8057 545 6243 7696 4748 4386 5061 5542 8356 10844 0 
