40
0 8685 7499 14306 14287 10529 6796 11396 11530 9309 1094 11484 9237 5128 9973 981 9893 8928 9812 3875 1250 4318 7624 7321 11955 4808 4939 10902 7109 7193 5910 1017 7846 9043 9465 13135 5774 6171 4044 7806 
8685 0 9742 5621 5602 3276 5049 2877 2845 10400 7591 7951 3034 3557 1288 8148 5308 1733 5227 8968 8151 7349 1061 2736 3270 8697 7418 2779 5626 4412 4449 7668 3345 2552 4880 4450 2911 7498 8629 5087 
7499 9742 0 7053 6788 6466 11953 6865 9771 1810 6405 3985 6708 8209 10348 6962 15050 11475 14969 9032 6965 3181 8745 12478 6650 2691 2560 6963 4116 12350 11067 6482 6397 12294 14622 5636 7297 2244 4229 4655 
14306 5621 7053 0 507 3777 10670 2910 2776 7711 13212 5262 5069 9178 4333 13769 8297 5378 7916 14589 13772 9988 6682 7333 2351 9498 9367 3404 7197 10033 10070 13289 6460 5263 7779 1493 8532 8135 11036 6500 
14287 5602 6788 507 0 3758 10651 2891 3225 7204 13193 4755 5050 9159 4314 13750 8504 5359 8423 14570 13753 9969 6663 7314 2332 9479 9348 3385 7178 10014 10051 13270 6441 5748 8076 1152 8513 8116 11017 6481 
10529 3276 6466 3777 3758 0 6893 867 3305 7124 9435 4675 1292 5401 3882 9992 8584 5009 8503 10812 9995 6211 2905 6012 1426 5721 5590 497 3420 6256 6293 9512 2683 5828 8156 2606 4755 4358 7259 2723 
6796 5049 11953 10670 10651 6893 0 7760 7894 12611 6786 10162 5601 3744 6337 5815 3097 5292 3868 3919 5546 9560 3988 3337 8319 10908 9629 7266 7837 637 886 6119 5556 5407 2891 9499 4656 9709 10840 7298 
11396 2877 6865 2910 2891 867 7760 0 2906 7523 10302 5074 2159 6268 3483 10859 8185 4610 8104 11679 10862 7078 3772 5613 559 6588 6457 494 4287 7123 7160 10379 3550 5429 7757 1739 5622 5225 8126 3590 
11530 2845 9771 2776 3225 3305 7894 2906 0 10429 10436 7980 3063 6402 1557 10993 5521 2602 5198 11813 10996 7378 3906 4557 3121 8726 7447 2808 5655 7257 7294 10513 3684 2523 5003 4211 5756 7527 8658 5116 
9309 10400 1810 7711 7204 7124 12611 7523 10429 0 8215 2449 7366 8867 11006 8772 15708 12133 15627 9690 8775 4991 9403 13136 7308 4501 4370 7621 4774 13008 11725 8292 7055 12952 15280 6218 7955 3138 6039 5313 
1094 7591 6405 13212 13193 9435 6786 10302 10436 8215 0 10390 8143 4034 8879 971 9883 7834 9802 3865 1240 3224 6530 7311 10861 4122 3845 9808 6015 7183 5900 667 6752 7949 9455 12041 4680 5077 4054 6712 
11484 7951 3985 5262 4755 4675 10162 5074 7980 2449 10390 0 4917 6418 8557 10947 13259 9684 13178 11767 10950 7166 6954 10687 4859 6676 6545 5172 4375 10559 9276 10467 4606 10503 12831 3769 5710 5313 8214 3678 
9237 3034 6708 5069 5050 1292 5601 2159 3063 7366 8143 4917 0 4109 3640 8700 8342 4767 8261 9520 8703 4919 2037 5770 2718 5663 4384 1665 2592 5642 5001 8220 1391 5586 7914 3898 3463 4464 5967 2053 
5128 3557 8209 9178 9159 5401 3744 6268 6402 8867 4034 6418 4109 0 4845 4591 6841 3800 6760 5411 4594 5816 2496 4269 6827 7164 5885 5774 4093 4141 2858 4111 2718 4085 6413 8007 912 5965 7096 3554 
9973 1288 10348 4333 4314 3882 6337 3483 1557 11006 8879 8557 3640 4845 0 9436 4702 1127 4621 10256 9439 7955 2349 3000 3698 9303 8024 3385 6232 5700 5737 8956 3951 1946 4274 4788 4199 8104 9235 5693 
981 8148 6962 13769 13750 9992 5815 10859 10993 8772 971 10947 8700 4591 9436 0 8912 8391 8831 2894 269 3781 7087 6436 11418 5093 4402 10365 6572 6212 4929 480 7309 8506 8484 12598 5237 5634 5025 7269 
9893 5308 15050 8297 8504 8584 3097 8185 5521 15708 9883 13259 8342 6841 4702 8912 0 3575 1495 6292 8643 12657 6305 2572 8400 14005 12726 8087 10934 2700 3983 9216 8653 3034 518 9490 7753 12806 13937 10395 
8928 1733 11475 5378 5359 5009 5292 4610 2602 12133 7834 9684 4767 3800 1127 8391 3575 0 3494 9211 8394 9082 2730 1955 4825 10430 9151 4512 7359 4655 4692 7911 5078 819 3147 5915 4178 9231 10362 6820 
9812 5227 14969 7916 8423 8503 3868 8104 5198 15627 9802 13178 8261 6760 4621 8831 1495 3494 0 7787 8562 12576 6224 2491 8319 13924 12645 8006 10853 3231 3902 9135 8572 2675 977 9409 7672 12725 13856 10314 
3875 8968 9032 14589 14570 10812 3919 11679 11813 9690 3865 11767 9520 5411 10256 2894 6292 9211 7787 0 2625 6639 7907 7256 12238 7987 6708 11185 7392 4556 4519 3198 8129 9326 6810 13418 6057 6788 7919 8089 
1250 8151 6965 13772 13753 9995 5546 10862 10996 8775 1240 10950 8703 4594 9439 269 8643 8394 8562 2625 0 4014 7090 6439 11421 5362 4405 10368 6575 5943 4660 573 7312 8509 8215 12601 5240 5637 5294 7272 
4318 7349 3181 9988 9969 6211 9560 7078 7378 4991 3224 7166 4919 5816 7955 3781 12657 9082 12576 6639 4014 0 6352 10085 7637 1348 621 6584 2791 9957 8674 3441 4004 9901 12229 8817 4904 1853 1280 3488 
7624 1061 8745 6682 6663 2905 3988 3772 3906 9403 6530 6954 2037 2496 2349 7087 6305 2730 6224 7907 7090 6352 0 3733 4331 7700 6421 3278 4629 3605 3388 6607 2348 3549 5877 5511 1850 6501 7632 4090 
7321 2736 12478 7333 7314 6012 3337 5613 4557 13136 7311 10687 5770 4269 3000 6436 2572 1955 2491 7256 6439 10085 3733 0 5828 11433 10154 5515 8362 2700 2737 6644 6081 2070 2144 6918 5181 10234 11365 7823 
11955 3270 6650 2351 2332 1426 8319 559 3121 7308 10861 4859 2718 6827 3698 11418 8400 4825 8319 12238 11421 7637 4331 5828 0 7147 7016 1053 4846 7682 7719 10938 4109 5644 7972 1180 6181 5784 8685 4149 
4808 8697 2691 9498 9479 5721 10908 6588 8726 4501 4122 6676 5663 7164 9303 5093 14005 10430 13924 7987 5362 1348 7700 11433 7147 0 1279 6094 3071 11305 10022 4789 5352 11249 13577 8327 6252 1363 1538 3610 
4939 7418 2560 9367 9348 5590 9629 6457 7447 4370 3845 6545 4384 5885 8024 4402 12726 9151 12645 6708 4405 621 6421 10154 7016 1279 0 5963 2170 10026 8743 3922 4073 9970 12298 8196 4973 1232 1669 2867 
10902 2779 6963 3404 3385 497 7266 494 2808 7621 9808 5172 1665 5774 3385 10365 8087 4512 8006 11185 10368 6584 3278 5515 1053 6094 5963 0 3793 6629 6666 9885 3056 5331 7659 2233 5128 4731 7632 3096 
7109 5626 4116 7197 7178 3420 7837 4287 5655 4774 6015 4375 2592 4093 6232 6572 10934 7359 10853 7392 6575 2791 4629 8362 4846 3071 2170 3793 0 8234 6951 6092 2281 8178 10506 6026 3181 1872 3839 697 
7193 4412 12350 10033 10014 6256 637 7123 7257 13008 7183 10559 5642 4141 5700 6212 2700 4655 3231 4556 5943 9957 3605 2700 7682 11305 10026 6629 8234 0 1283 6516 5953 4770 2272 8862 5053 10106 11237 7695 
5910 4449 11067 10070 10051 6293 886 7160 7294 11725 5900 9276 5001 2858 5737 4929 3983 4692 3902 4519 4660 8674 3388 2737 7719 10022 8743 6666 6951 1283 0 5233 4670 4807 3555 8899 3770 8823 9954 6412 
1017 7668 6482 13289 13270 9512 6119 10379 10513 8292 667 10467 8220 4111 8956 480 9216 7911 9135 3198 573 3441 6607 6644 10938 4789 3922 9885 6092 6516 5233 0 6829 8026 8788 12118 4757 5154 4721 6789 
7846 3345 6397 6460 6441 2683 5556 3550 3684 7055 6752 4606 1391 2718 3951 7309 8653 5078 8572 8129 7312 4004 2348 6081 4109 5352 4073 3056 2281 5953 4670 6829 0 5897 8225 5289 2072 4153 5284 1742 
9043 2552 12294 5263 5748 5828 5407 5429 2523 12952 7949 10503 5586 4085 1946 8506 3034 819 2675 9326 8509 9901 3549 2070 5644 11249 9970 5331 8178 4770 4807 8026 5897 0 2516 6734 4997 10050 11181 7639 
9465 4880 14622 7779 8076 8156 2891 7757 5003 15280 9455 12831 7914 6413 4274 8484 518 3147 977 6810 8215 12229 5877 2144 7972 13577 12298 7659 10506 2272 3555 8788 8225 2516 0 9062 7325 12378 13509 9967 
13135 4450 5636 1493 1152 2606 9499 1739 4211 6218 12041 3769 3898 8007 4788 12598 9490 5915 9409 13418 12601 8817 5511 6918 1180 8327 8196 2233 6026 8862 8899 12118 5289 6734 9062 0 7361 6964 9865 5329 
5774 2911 7297 8532 8513 4755 4656 5622 5756 7955 4680 5710 3463 912 4199 5237 7753 4178 7672 6057 5240 4904 1850 5181 6181 6252 4973 5128 3181 5053 3770 4757 2072 4997 7325 7361 0 5053 6184 2642 
6171 7498 2244 8135 8116 4358 9709 5225 7527 3138 5077 5313 4464 5965 8104 5634 12806 9231 12725 6788 5637 1853 6501 10234 5784 1363 1232 4731 1872 10106 8823 5154 4153 10050 12378 6964 5053 0 2901 2411 
4044 8629 4229 11036 11017 7259 10840 8126 8658 6039 4054 8214 5967 7096 9235 5025 13937 10362 13856 7919 5294 1280 7632 11365 8685 1538 1669 7632 3839 11237 9954 4721 5284 11181 13509 9865 6184 2901 0 4536 
7806 5087 4655 6500 6481 2723 7298 3590 5116 5313 6712 3678 2053 3554 5693 7269 10395 6820 10314 8089 7272 3488 4090 7823 4149 3610 2867 3096 697 7695 6412 6789 1742 7639 9967 5329 2642 2411 4536 0 
