40
0 6573 1438 6136 3118 4373 4537 2357 6958 4628 4647 2126 10077 5647 5499 9423 6439 5136 1276 5424 5008 7861 5801 2509 7623 5978 8202 4973 7832 2848 7212 3890 5689 6387 6952 5014 2237 762 8039 8353 
6573 0 8011 1719 8355 10946 6988 5266 9409 11201 7098 4447 3504 8098 9686 6972 3988 10605 6769 11997 3783 3564 8704 4064 10074 8429 1629 2522 5381 5299 9077 3995 2170 3936 13525 11389 8226 5953 1466 6684 
1438 8011 0 7574 1734 2935 5921 2745 8342 3190 6031 3564 11515 7031 4115 8039 5055 3752 2660 3986 4228 9299 4417 3947 9007 7362 9640 5579 6448 4232 5828 5328 7127 5165 5514 3630 853 2058 9477 6969 
6136 1719 7574 0 7918 10509 8707 4829 11128 10764 8817 4010 3941 9817 9249 5253 3019 10168 6332 11560 3346 5283 8267 5165 11793 10148 2180 1995 3848 7018 8640 5714 451 2409 13088 10952 7789 5516 1903 6247 
3118 8355 1734 7918 0 2591 7655 3089 10076 3966 7765 3908 11859 8765 2381 6305 4899 2250 4394 3642 4572 9643 2683 4291 10741 9096 9984 5923 4714 5966 4094 5672 7471 5509 5170 3034 881 2402 9821 5235 
4373 10946 2935 10509 2591 0 7038 5680 9399 3289 7088 6499 14450 8088 3058 7324 7490 2695 4177 2425 7163 12234 3360 6882 10064 8419 12575 8514 6661 6079 4771 8263 10062 8100 2579 2573 2720 4993 12412 5912 
4537 6988 5921 8707 7655 7038 0 6894 2421 7293 2294 5195 7412 1110 10036 13960 10976 9673 3261 8089 9545 5196 10338 3542 3086 1441 6527 9510 12369 1689 11749 2993 9158 10924 9617 9551 6774 5299 6852 12890 
2357 5266 2745 4829 3089 5680 6894 0 9315 5935 7004 1699 8770 8004 4420 7066 4082 5339 3633 6731 2651 6554 3444 3352 9980 8335 6895 2834 5475 5205 4855 3901 4382 4030 8259 6123 2960 1595 6732 5996 
6958 9409 8342 11128 10076 9399 2421 9315 0 6110 2311 7616 9253 2667 12457 16381 13397 12094 5682 6974 11966 7037 12759 5963 665 2180 8948 11931 14790 4110 14170 5414 11579 13345 7776 11972 9195 7720 9273 15311 
4628 11201 3190 10764 3966 3289 7293 5935 6110 0 4999 6754 14705 8119 6347 10271 7745 5984 4432 864 7418 12489 6649 7137 6775 7632 12830 8769 8680 6334 8060 8518 10317 8355 2324 5862 3085 5248 12667 9201 
4647 7098 6031 8817 7765 7088 2294 7004 2311 4999 0 5305 9706 3120 10146 14070 11086 9783 3371 5795 9655 7490 10448 3652 2976 2633 7831 9620 12479 1799 11859 3519 9268 11034 7323 9661 6884 5409 7668 13000 
2126 4447 3564 4010 3908 6499 5195 1699 7616 6754 5305 0 7951 6305 5239 8765 5781 6158 2322 7550 4350 5735 5143 1653 8281 6636 6076 4315 7174 3506 6554 2202 3963 5729 9078 6942 3779 1506 5913 7695 
10077 3504 11515 3941 11859 14450 7412 8770 9253 14705 9706 7951 0 6586 13190 8854 6960 14109 10273 15501 7287 2216 12208 7568 8808 7073 1875 5936 7789 8371 12581 6187 4388 6350 17029 14893 11730 9457 2038 10188 
5647 8098 7031 9817 8765 8088 1110 8004 2667 8119 3120 6305 6586 0 11146 15070 12086 10783 4371 8915 10655 4534 11448 4652 2222 487 7637 10620 13479 2799 12859 4103 10268 12034 10443 10661 7884 6409 7962 14000 
5499 9686 4115 9249 2381 3058 10036 4420 12457 6347 10146 5239 13190 11146 0 6064 6230 919 6775 5483 5903 10974 982 6494 13122 11477 11315 7254 5401 8347 1713 7043 8802 6840 4747 1703 3262 4737 11152 3002 
9423 6972 8039 5253 6305 7324 13960 7066 16381 10271 14070 8765 8854 15070 6064 0 2984 6983 10699 9407 4415 10536 5082 10418 17046 15401 7433 4450 1591 12271 5455 10967 4802 3036 9903 7767 7186 8661 7108 3062 
6439 3988 5055 3019 4899 7490 10976 4082 13397 7745 11086 5781 6960 12086 6230 2984 0 7149 7715 8541 1431 7552 5248 7434 14062 12417 5085 1466 1393 9287 5621 7983 2572 610 10069 7933 4770 5677 4922 3228 
5136 10605 3752 10168 2250 2695 9673 5339 12094 5984 9783 6158 14109 10783 919 6983 7149 0 6412 5120 6822 11893 1901 6541 12759 11114 12234 8173 6320 7984 2076 7922 9721 7759 4384 784 2899 4652 12071 3921 
1276 6769 2660 6332 4394 4177 3261 3633 5682 4432 3371 2322 10273 4371 6775 10699 7715 6412 0 5228 6284 8057 7077 2705 6347 4702 8398 6249 9108 1902 8488 4086 5897 7663 6756 6290 3513 2038 8235 9629 
5424 11997 3986 11560 3642 2425 8089 6731 6974 864 5795 7550 15501 8915 5483 9407 8541 5120 5228 0 8214 13285 5785 7933 7639 8428 13626 9565 7816 7130 7196 9314 11113 9151 1528 4998 3771 6044 13463 8337 
5008 3783 4228 3346 4572 7163 9545 2651 11966 7418 9655 4350 7287 10655 5903 4415 1431 6822 6284 8214 0 6121 4921 6003 12631 10986 5412 1351 2824 7856 5294 6552 2899 1379 9742 7606 4443 4246 5249 3345 
7861 3564 9299 5283 9643 12234 5196 6554 7037 12489 7490 5735 2216 4534 10974 10536 7552 11893 8057 13285 6121 0 9992 5352 6592 4865 3103 6086 8945 6155 10365 3971 5734 7500 14813 12677 9514 7241 3428 9466 
5801 8704 4417 8267 2683 3360 10338 3444 12759 6649 10448 5143 12208 11448 982 5082 5248 1901 7077 5785 4921 9992 0 6796 13424 11779 10333 6272 4419 8649 1411 7345 7820 5858 5049 2685 3564 5039 10170 2552 
2509 4064 3947 5165 4291 6882 3542 3352 5963 7137 3652 1653 7568 4652 6494 10418 7434 6541 2705 7933 6003 5352 6796 0 6628 4983 5693 5968 8827 1853 8207 1381 5616 7382 9461 7325 4162 1889 5530 9348 
7623 10074 9007 11793 10741 10064 3086 9980 665 6775 2976 8281 8808 2222 13122 17046 14062 12759 6347 7639 12631 6592 13424 6628 0 1735 9613 12596 15455 4775 14835 6079 12244 14010 8375 12637 9860 8385 9938 15976 
5978 8429 7362 10148 9096 8419 1441 8335 2180 7632 2633 6636 7073 487 11477 15401 12417 11114 4702 8428 10986 4865 11779 4983 1735 0 7968 10951 13810 3130 13190 4434 10599 12365 9956 10992 8215 6740 8293 14331 
8202 1629 9640 2180 9984 12575 6527 6895 8948 12830 7831 6076 1875 7637 11315 7433 5085 12234 8398 13626 5412 3103 10333 5693 9613 7968 0 4061 5914 6496 10706 4312 2631 4475 15154 13018 9855 7582 325 8313 
4973 2522 5579 1995 5923 8514 9510 2834 11931 8769 9620 4315 5936 10620 7254 4450 1466 8173 6249 9565 1351 6086 6272 5968 12596 10951 4061 0 2859 7821 6645 6517 1548 1414 11093 8957 5794 4211 3898 4252 
7832 5381 6448 3848 4714 6661 12369 5475 14790 8680 12479 7174 7789 13479 5401 1591 1393 6320 9108 7816 2824 8945 4419 8827 15455 13810 5914 2859 0 10680 4792 9376 3401 1445 9240 7104 5595 7070 5751 2399 
2848 5299 4232 7018 5966 6079 1689 5205 4110 6334 1799 3506 8371 2799 8347 12271 9287 7984 1902 7130 7856 6155 8649 1853 4775 3130 6496 7821 10680 0 10060 2184 7469 9235 8658 7862 5085 3610 6333 11201 
7212 9077 5828 8640 4094 4771 11749 4855 14170 8060 11859 6554 12581 12859 1713 5455 5621 2076 8488 7196 5294 10365 1411 8207 14835 13190 10706 6645 4792 10060 0 8756 8193 6231 6460 2312 4975 6450 10543 2393 
3890 3995 5328 5714 5672 8263 2993 3901 5414 8518 3519 2202 6187 4103 7043 10967 7983 7922 4086 9314 6552 3971 7345 1381 6079 4434 4312 6517 9376 2184 8756 0 6165 7931 10842 8706 5543 3270 4149 9897 
5689 2170 7127 451 7471 10062 9158 4382 11579 10317 9268 3963 4388 10268 8802 4802 2572 9721 5897 11113 2899 5734 7820 5616 12244 10599 2631 1548 3401 7469 8193 6165 0 1962 12641 10505 7342 5069 2350 5800 
6387 3936 5165 2409 5509 8100 10924 4030 13345 8355 11034 5729 6350 12034 6840 3036 610 7759 7663 9151 1379 7500 5858 7382 14010 12365 4475 1414 1445 9235 6231 7931 1962 0 10679 8543 5380 5625 4312 3838 
6952 13525 5514 13088 5170 2579 9617 8259 7776 2324 7323 9078 17029 10443 4747 9903 10069 4384 6756 1528 9742 14813 5049 9461 8375 9956 15154 11093 9240 8658 6460 10842 12641 10679 0 4262 5299 7572 14991 7601 
5014 11389 3630 10952 3034 2573 9551 6123 11972 5862 9661 6942 14893 10661 1703 7767 7933 784 6290 4998 7606 12677 2685 7325 12637 10992 13018 8957 7104 7862 2312 8706 10505 8543 4262 0 3163 5436 12855 4705 
2237 8226 853 7789 881 2720 6774 2960 9195 3085 6884 3779 11730 7884 3262 7186 4770 2899 3513 3771 4443 9514 3564 4162 9860 8215 9855 5794 5595 5085 4975 5543 7342 5380 5299 3163 0 2273 9692 6116 
762 5953 2058 5516 2402 4993 5299 1595 7720 5248 5409 1506 9457 6409 4737 8661 5677 4652 2038 6044 4246 7241 5039 1889 8385 6740 7582 4211 7070 3610 6450 3270 5069 5625 7572 5436 2273 0 7419 7591 
8039 1466 9477 1903 9821 12412 6852 6732 9273 12667 7668 5913 2038 7962 11152 7108 4922 12071 8235 13463 5249 3428 10170 5530 9938 8293 325 3898 5751 6333 10543 4149 2350 4312 14991 12855 9692 7419 0 8150 
8353 6684 6969 6247 5235 5912 12890 5996 15311 9201 13000 7695 10188 14000 3002 3062 3228 3921 9629 8337 3345 9466 2552 9348 15976 14331 8313 4252 2399 11201 2393 9897 5800 3838 7601 4705 6116 7591 8150 0 
