50
0 4250 5726 6228 4062 4139 7993 11507 2963 6290 4250 13047 2743 9481 2314 2925 2426 8363 2908 1051 11998 5893 10944 11531 1593 6055 3567 4470 4586 6620 5320 5595 2869 6953 2212 3754 6912 883 2984 4837 5763 8057 9103 9553 3538 9062 6353 7397 4902 7685 
4250 0 7778 1978 6114 5131 7667 7257 7213 4238 5942 8797 3421 5231 1936 5811 2992 4171 7158 3199 7748 7053 6694 7281 5547 8107 1849 4056 2534 6020 7372 4323 2775 9005 3752 5618 4272 4799 5036 3085 7815 6005 7051 7501 4588 4812 8405 6411 1460 5633 
5726 7778 0 8254 1664 2647 5915 9429 5491 12016 2172 10969 4357 7403 7572 8651 8152 6285 6274 5767 9920 3815 8866 9453 7319 855 9293 10196 10312 4542 734 3517 5003 1227 4026 2160 12050 4843 2742 10563 1685 13783 14829 15279 3190 9118 2539 5319 9238 13411 
6228 1978 8254 0 6590 5607 8143 5279 9191 3762 6418 6819 3897 3253 3914 7789 4970 4647 9136 5177 5770 7529 4762 5303 7525 8583 3827 6034 2058 6496 7848 4799 3359 9481 4228 6094 3796 6777 5512 5063 8291 5529 6575 7025 5064 2834 8881 6887 1326 5157 
4062 6114 1664 6590 0 2957 6811 10325 4145 10352 3068 11865 2693 8299 5908 6987 6488 7181 4610 4103 10816 4711 9762 10349 5655 1993 7629 8532 8648 5438 1630 4413 3339 2891 2362 2572 10386 3179 1554 8899 2581 12119 13165 13615 2356 7880 3435 6215 7574 11747 
4139 5131 2647 5607 2957 0 3854 7368 7102 9369 811 8908 1710 5342 4925 6004 5505 4224 7047 3120 7859 1922 6805 7392 5436 2976 6646 7549 7665 2481 2241 1456 2356 3874 1927 487 9403 4688 1403 7916 2684 11136 12182 12632 601 6471 3274 3258 6591 10764 
7993 7667 5915 8143 6811 3854 0 3612 10956 11905 3743 6410 5250 5768 7461 9554 8041 3496 10901 6942 6789 2100 3381 3722 9290 6770 9182 10085 10201 1647 5181 3344 5124 6378 5781 4239 11939 8542 5257 10452 4230 13672 14718 15168 4455 9007 3376 1256 9127 13300 
11507 7257 9429 5279 10325 7368 3612 0 14470 8293 7257 2798 8764 2156 9193 13068 10249 3144 14415 10456 3177 5614 563 110 12804 10284 9106 11313 7189 4887 8695 5912 8638 9892 9295 7753 8327 12056 8771 10342 7744 10060 11106 11556 7969 5395 6890 4110 6605 9688 
2963 7213 5491 9191 4145 7102 10956 14470 0 8683 7213 16010 5706 12444 5277 3160 4221 11326 783 4014 14961 8856 13907 14494 1828 5820 5364 4705 7281 9583 5775 8558 5832 6718 5175 6717 9875 2414 5699 5072 6726 8292 9338 9788 6501 12025 7580 10360 7865 7920 
6290 4238 12016 3762 10352 9369 11905 8293 8683 0 10180 7327 7659 6137 4444 7281 4462 8409 8628 6249 6278 11291 8524 8183 7017 12345 3319 5526 1704 10258 11610 8561 7013 13243 7990 9856 1192 7173 9274 4555 12053 1767 2813 3263 8826 3342 12643 10649 2778 1783 
4250 5942 2172 6418 3068 811 3743 7257 7213 10180 0 8797 2521 5231 5736 6815 6316 4113 7158 3931 7748 1643 6694 7281 5547 3027 7457 8360 8476 2370 1438 1619 3167 3063 2190 496 10214 4799 1514 8727 1873 11947 12993 13443 1354 7282 2463 3147 7402 11575 
13047 8797 10969 6819 11865 8908 6410 2798 16010 7327 8797 0 10304 3566 10733 14608 11789 4684 15955 11996 1049 7154 3029 2688 14344 11824 10646 12853 8729 6427 10235 7452 10178 11432 10835 9293 6135 13596 10311 11882 9284 8608 8308 8758 9509 3985 8430 5650 8145 9110 
2743 3421 4357 3897 2693 1710 5250 8764 5706 7659 2521 10304 0 6738 3215 4304 3795 5620 5651 1692 9255 3632 8201 8788 4040 4686 4936 5839 5955 3877 3951 2852 646 5584 531 2197 7693 3292 1615 6206 4394 9426 10472 10922 1167 6319 4984 4654 4881 9054 
9481 5231 7403 3253 8299 5342 5768 2156 12444 6137 5231 3566 6738 0 7167 11042 8223 2272 12389 8430 2517 5154 2387 2050 10778 8258 7080 9287 5163 4121 6669 3886 6612 7866 7269 5727 6171 10030 6745 8316 5916 7904 8950 9400 5943 3239 6506 4512 4579 7532 
2314 1936 7572 3914 5908 4925 7461 9193 5277 4444 5736 10733 3215 7167 0 3875 1056 6049 5222 1805 9684 6847 8630 9217 3611 7901 1721 2624 2740 5814 7166 4117 2569 8799 3546 5412 4598 2863 4830 2991 7609 6211 7257 7707 4382 6748 8199 6205 2588 5839 
2925 5811 8651 7789 6987 6004 9554 13068 3160 7281 6815 14608 4304 11042 3875 0 2819 9924 2377 2884 13559 7926 12505 13092 1332 8980 3962 1755 5879 8181 8245 7156 4430 9878 4625 6491 8473 3808 5909 2726 8688 6000 6540 6628 5461 10623 9278 8958 6463 5498 
2426 2992 8152 4970 6488 5505 8041 10249 4221 4462 6316 11789 3795 8223 1056 2819 0 7105 4166 2385 10740 7427 9686 10273 2555 8481 1143 2044 3060 6394 7746 4697 3149 9379 4126 5992 5654 3309 5410 2411 8189 5631 6677 7127 4962 7804 8779 6785 3644 5259 
8363 4171 6285 4647 7181 4224 3496 3144 11326 8409 4113 4684 5620 2272 6049 9924 7105 0 11271 7312 3635 2882 2581 3168 9660 7140 5962 8169 6705 1849 5551 2768 5494 6748 6151 4609 8443 8912 5627 7198 4600 10176 11222 11672 4825 5511 4234 2240 5631 9804 
2908 7158 6274 9136 4610 7047 10901 14415 783 8628 7158 15955 5651 12389 5222 2377 4166 11271 0 3959 14906 8801 13852 14439 1611 6603 5309 3922 7226 9528 5868 8503 5777 7501 5120 6662 9820 2359 5644 4289 6671 7509 8555 9005 6446 11970 7525 10305 7810 7137 
1051 3199 5767 5177 4103 3120 6942 10456 4014 6249 3931 11996 1692 8430 1805 2884 2385 7312 3959 0 10947 5042 9893 10480 2348 6096 3526 4429 4545 5569 5361 4544 1818 6994 1741 3607 6283 1600 3025 4796 5804 8016 9062 9512 2577 8011 6394 6346 3851 7644 
11998 7748 9920 5770 10816 7859 6789 3177 14961 6278 7748 1049 9255 2517 9684 13559 10740 3635 14906 10947 0 6175 3408 3067 13295 10775 9597 11804 7680 5378 9186 6403 9129 10383 9786 8244 5150 12547 9262 10833 8235 7559 7929 8379 8460 2936 7527 5533 7096 8061 
5893 7053 3815 7529 4711 1922 2100 5614 8856 11291 1643 7154 3632 5154 6847 7926 7427 2882 8801 5042 6175 0 5051 5638 7190 4670 8568 9471 9587 1033 3081 2730 4278 4278 3681 2139 11325 6442 3157 9838 2130 13058 14104 14554 2465 8393 1352 1504 8513 12686 
10944 6694 8866 4762 9762 6805 3381 563 13907 8524 6694 3029 8201 2387 8630 12505 9686 2581 13852 9893 3408 5051 0 587 12241 9721 8543 10750 6820 4324 8132 5349 8075 9329 8732 7190 8558 11493 8208 9779 7181 10291 11337 11787 7406 5626 6327 3547 6042 9919 
11531 7281 9453 5303 10349 7392 3722 110 14494 8183 7281 2688 8788 2050 9217 13092 10273 3168 14439 10480 3067 5638 587 0 12828 10308 9130 11337 7213 4911 8719 5936 8662 9916 9319 7777 8217 12080 8795 10366 7768 9950 10996 11446 7993 5285 6914 4134 6629 9578 
1593 5547 7319 7525 5655 5436 9290 12804 1828 7017 5547 14344 4040 10778 3611 1332 2555 9660 1611 2348 13295 7190 12241 12828 0 7648 3698 2877 5615 7917 6913 6892 4166 8546 3509 5159 8209 2476 4577 3244 7356 6464 7510 7960 4835 10359 7946 8694 6199 6092 
6055 8107 855 8583 1993 2976 6770 10284 5820 12345 3027 11824 4686 8258 7901 8980 8481 7140 6603 6096 10775 4670 9721 10308 7648 0 9622 10525 10641 5397 1589 4372 5332 898 4355 2531 12379 5172 3071 10892 2540 14112 15158 15608 3519 9447 3394 6174 9567 13740 
3567 1849 9293 3827 7629 6646 9182 9106 5364 3319 7457 10646 4936 7080 1721 3962 1143 5962 5309 3526 9597 8568 8543 9130 3698 9622 0 2207 1917 7535 8887 5838 4290 10520 5267 7133 4511 4450 6551 1270 9330 4490 5536 5986 6103 6661 9920 7926 2501 4118 
4470 4056 10196 6034 8532 7549 10085 11313 4705 5526 8360 12853 5839 9287 2624 1755 2044 8169 3922 4429 11804 9471 10750 11337 2877 10525 2207 0 4124 8438 9790 6741 5193 11423 6170 8036 6718 5353 7454 971 10233 4245 4785 5083 7006 8868 10823 8829 4708 3743 
4586 2534 10312 2058 8648 7665 10201 7189 7281 1704 8476 8729 5955 5163 2740 5879 3060 6705 7226 4545 7680 9587 6820 7213 5615 10641 1917 4124 0 8554 9906 6857 5309 11539 6286 8152 2594 5469 7570 3153 10349 3471 4517 4967 7122 4744 10939 8945 1074 3099 
6620 6020 4542 6496 5438 2481 1647 4887 9583 10258 2370 6427 3877 4121 5814 8181 6394 1849 9528 5569 5378 1033 4324 4911 7917 5397 7535 8438 8554 0 3808 1697 3751 5005 4408 2866 10292 7169 3884 8805 2857 12025 13071 13521 3082 7360 2385 777 7480 11653 
5320 7372 734 7848 1630 2241 5181 8695 5775 11610 1438 10235 3951 6669 7166 8245 7746 5551 5868 5361 9186 3081 8132 8719 6913 1589 8887 9790 9906 3808 0 3049 4597 1633 3620 1754 11644 4437 2336 10157 951 13377 14423 14873 2784 8712 1805 4585 8832 13005 
5595 4323 3517 4799 4413 1456 3344 5912 8558 8561 1619 7452 2852 3886 4117 7156 4697 2768 8503 4544 6403 2730 5349 5936 6892 4372 5838 6741 6857 1697 3049 0 2726 4682 3383 1841 8595 6144 2859 7108 3492 10328 11374 11824 2057 5663 4082 2088 5783 9956 
2869 2775 5003 3359 3339 2356 5124 8638 5832 7013 3167 10178 646 6612 2569 4430 3149 5494 5777 1818 9129 4278 8075 8662 4166 5332 4290 5193 5309 3751 4597 2726 0 6230 977 2843 7047 3418 2261 5560 5040 8780 9826 10276 1813 6193 5630 4528 4235 8408 
6953 9005 1227 9481 2891 3874 6378 9892 6718 13243 3063 11432 5584 7866 8799 9878 9379 6748 7501 6994 10383 4278 9329 9916 8546 898 10520 11423 11539 5005 1633 4682 6230 0 5253 3387 13277 6070 3969 11790 2148 15010 16056 16506 4417 10345 3002 5782 10465 14638 
2212 3752 4026 4228 2362 1927 5781 9295 5175 7990 2190 10835 531 7269 3546 4625 4126 6151 5120 1741 9786 3681 8732 9319 3509 4355 5267 6170 6286 4408 3620 3383 977 5253 0 1866 8024 2761 1284 6537 4063 9757 10803 11253 1326 6850 4653 5185 5212 9385 
3754 5618 2160 6094 2572 487 4239 7753 6717 9856 496 9293 2197 5727 5412 6491 5992 4609 6662 3607 8244 2139 7190 7777 5159 2531 7133 8036 8152 2866 1754 1841 2843 3387 1866 0 9890 4303 1018 8403 2197 11623 12669 13119 1030 6958 2787 3643 7078 11251 
6912 4272 12050 3796 10386 9403 11939 8327 9875 1192 10214 6135 7693 6171 4598 8473 5654 8443 9820 6283 5150 11325 8558 8217 8209 12379 4511 6718 2594 10292 11644 8595 7047 13277 8024 9890 0 7461 9308 5747 12087 2473 2779 3229 8860 2932 12677 10683 2812 2975 
883 4799 4843 6777 3179 4688 8542 12056 2414 7173 4799 13596 3292 10030 2863 3808 3309 8912 2359 1600 12547 6442 11493 12080 2476 5172 4450 5353 5469 7169 4437 6144 3418 6070 2761 4303 7461 0 3285 5720 4880 8940 9986 10436 4087 9611 5470 7946 5451 8568 
2984 5036 2742 5512 1554 1403 5257 8771 5699 9274 1514 10311 1615 6745 4830 5909 5410 5627 5644 3025 9262 3157 8208 8795 4577 3071 6551 7454 7570 3884 2336 2859 2261 3969 1284 1018 9308 3285 0 7821 2779 11041 12087 12537 802 6376 3369 4661 6496 10669 
4837 3085 10563 5063 8899 7916 10452 10342 5072 4555 8727 11882 6206 8316 2991 2726 2411 7198 4289 4796 10833 9838 9779 10366 3244 10892 1270 971 3153 8805 10157 7108 5560 11790 6537 8403 5747 5720 7821 0 10600 3274 4266 4716 7373 7897 11190 9196 3737 2848 
5763 7815 1685 8291 2581 2684 4230 7744 6726 12053 1873 9284 4394 5916 7609 8688 8189 4600 6671 5804 8235 2130 7181 7768 7356 2540 9330 10233 10349 2857 951 3492 5040 2148 4063 2197 12087 4880 2779 10600 0 13820 14866 15316 3227 9155 854 3634 9275 13448 
8057 6005 13783 5529 12119 11136 13672 10060 8292 1767 11947 8608 9426 7904 6211 6000 5631 10176 7509 8016 7559 13058 10291 9950 6464 14112 4490 4245 3471 12025 13377 10328 8780 15010 9757 11623 2473 8940 11041 3274 13820 0 1046 1496 10593 4665 14410 12416 4545 502 
9103 7051 14829 6575 13165 12182 14718 11106 9338 2813 12993 8308 10472 8950 7257 6540 6677 11222 8555 9062 7929 14104 11337 10996 7510 15158 5536 4785 4517 13071 14423 11374 9826 16056 10803 12669 2779 9986 12087 4266 14866 1046 0 450 11639 5711 15456 13462 5591 1418 
9553 7501 15279 7025 13615 12632 15168 11556 9788 3263 13443 8758 10922 9400 7707 6628 7127 11672 9005 9512 8379 14554 11787 11446 7960 15608 5986 5083 4967 13521 14873 11824 10276 16506 11253 13119 3229 10436 12537 4716 15316 1496 450 0 12089 6161 15906 13912 6041 1868 
3538 4588 3190 5064 2356 601 4455 7969 6501 8826 1354 9509 1167 5943 4382 5461 4962 4825 6446 2577 8460 2465 7406 7993 4835 3519 6103 7006 7122 3082 2784 2057 1813 4417 1326 1030 8860 4087 802 7373 3227 10593 11639 12089 0 5928 3817 3859 6048 10221 
9062 4812 9118 2834 7880 6471 9007 5395 12025 3342 7282 3985 6319 3239 6748 10623 7804 5511 11970 8011 2936 8393 5626 5285 10359 9447 6661 8868 4744 7360 8712 5663 6193 10345 6850 6958 2932 9611 6376 7897 9155 4665 5711 6161 5928 0 9745 7751 4160 5125 
6353 8405 2539 8881 3435 3274 3376 6890 7580 12643 2463 8430 4984 6506 8199 9278 8779 4234 7525 6394 7527 1352 6327 6914 7946 3394 9920 10823 10939 2385 1805 4082 5630 3002 4653 2787 12677 5470 3369 11190 854 14410 15456 15906 3817 9745 0 2780 9865 14038 
7397 6411 5319 6887 6215 3258 1256 4110 10360 10649 3147 5650 4654 4512 6205 8958 6785 2240 10305 6346 5533 1504 3547 4134 8694 6174 7926 8829 8945 777 4585 2088 4528 5782 5185 3643 10683 7946 4661 9196 3634 12416 13462 13912 3859 7751 2780 0 7871 12044 
4902 1460 9238 1326 7574 6591 9127 6605 7865 2778 7402 8145 4881 4579 2588 6463 3644 5631 7810 3851 7096 8513 6042 6629 6199 9567 2501 4708 1074 7480 8832 5783 4235 10465 5212 7078 2812 5451 6496 3737 9275 4545 5591 6041 6048 4160 9865 7871 0 4173 
7685 5633 13411 5157 11747 10764 13300 9688 7920 1783 11575 9110 9054 7532 5839 5498 5259 9804 7137 7644 8061 12686 9919 9578 6092 13740 4118 3743 3099 11653 13005 9956 8408 14638 9385 11251 2975 8568 10669 2848 13448 502 1418 1868 10221 5125 14038 12044 4173 0 
