50
0 2172 12659 3812 8287 11942 11204 1240 11647 9301 6005 7921 3485 2180 13385 8600 6064 1686 7558 10241 10667 4452 15391 6233 6824 6156 8400 9052 1583 1808 11506 8847 11390 6468 8658 9468 1236 8338 1807 7350 7458 7947 10028 11601 5022 3006 12766 4726 960 11935 
2172 0 10487 1640 8305 9770 9032 932 9475 9319 5987 5749 3503 1546 11213 8306 3892 486 5386 8069 8495 4434 13219 4061 6842 6138 8418 6880 1565 738 9334 8829 9218 6486 6486 7296 936 6166 2373 5178 5286 5775 7856 9429 2850 3024 10594 4744 2178 9763 
12659 10487 0 8847 7400 4169 9833 11419 7620 5082 10224 4738 10264 10479 4936 12543 7163 10973 9303 10886 8352 8671 2732 6614 6527 10375 6399 3607 11250 10851 1197 13066 8235 8721 6727 3191 11423 4321 12860 8991 5201 4928 4411 7534 7637 10599 1769 8321 12665 8170 
3812 1640 8847 0 7511 8130 7392 2572 7835 8525 6781 4109 2709 2340 9573 9100 3720 2126 5860 7443 6855 5228 11579 3171 6048 6932 7624 5752 2403 2004 7694 9623 7578 5692 4846 5656 2576 4526 4013 5548 3646 4135 6216 7789 1296 2230 8954 3950 3818 8123 
8287 8305 7400 7511 0 8237 13901 9129 11688 2678 14292 4486 4802 9851 9004 16611 11231 8641 13371 14954 12420 12739 10132 10682 1463 14443 1001 3793 9870 9043 6247 17134 12303 1819 10795 5311 8475 5133 6480 13059 8699 8996 8479 11602 6215 5281 7507 3561 9247 12238 
11942 9770 4169 8130 8237 0 5664 10702 3451 9251 7547 4021 9547 9762 1443 8374 5878 10256 5134 6717 4183 7674 3449 5709 6774 6206 8350 6478 10533 10134 5366 8897 4066 8004 3284 2926 10706 3604 12143 4822 4484 3995 1914 3365 6920 9882 2400 7604 11948 4001 
11204 9032 9833 7392 13901 5664 0 9964 2213 14915 6809 9415 9099 9024 4897 2710 5140 9518 3646 1053 1481 6936 7337 4971 12438 5188 14014 12142 9795 9396 11030 4679 1598 12082 3106 8590 9968 8768 11405 3854 5202 4905 5422 2299 7686 9144 8064 10340 11210 1663 
1240 932 11419 2572 9129 10702 9964 0 10407 10143 5163 6681 4327 940 12145 7482 4824 488 6318 9001 9427 3610 14151 4993 7666 5314 9242 7812 741 568 10266 8005 10150 7310 7418 8228 654 7098 2649 6110 6218 6707 8788 10361 3782 3848 11526 5568 1246 10695 
11647 9475 7620 7835 11688 3451 2213 10407 0 12702 7252 7202 9252 9467 2684 4923 5583 9961 4089 3266 980 7379 5124 5414 10225 5631 11801 9929 10238 9839 8817 5446 615 9869 2989 6377 10411 6555 11848 4297 4189 3700 3209 86 6625 9587 5851 8127 11653 550 
9301 9319 5082 8525 2678 9251 14915 10143 12702 0 15306 5500 5816 10865 10018 17625 12245 9655 14385 15968 13434 13753 7578 11696 2477 15457 1677 2773 10884 10057 3885 18148 13317 3999 11809 6325 9489 6147 8138 14073 9713 10010 9493 12616 7229 6295 6851 4575 10261 13252 
6005 5987 10224 6781 14292 7547 6809 5163 7252 15306 0 9806 9490 4441 8990 4205 3061 5651 3163 5846 6272 1553 10996 3610 12829 1621 14405 12533 4422 5249 11421 2842 6995 12473 4263 8981 5817 9159 7812 2955 5593 5296 5813 7206 8077 9011 8455 10731 5045 7540 
7921 5749 4738 4109 4486 4021 9415 6681 7202 5500 9806 0 5526 5741 5464 12125 6745 6235 8885 10468 7934 8253 7470 6196 3023 9957 4599 2727 6512 6113 3585 12648 7817 3983 6309 1547 6685 647 8122 8573 4213 4510 3993 7116 2899 5861 4845 3583 7927 7752 
3485 3503 10264 2709 4802 9547 9099 4327 9252 5816 9490 5526 0 5049 10990 11809 6429 3839 8569 10152 8272 7937 12996 5880 3737 9641 4915 6657 5068 4241 9111 12332 8995 2983 6263 7073 3673 5943 2596 8257 5063 5552 7633 9206 2627 479 10371 1943 4445 9540 
2180 1546 10479 2340 9851 9762 9024 940 9467 10865 4441 5741 5049 0 11205 6760 3884 1210 5378 8061 8487 2888 13211 4053 8388 4592 9964 8092 771 808 9326 7283 9210 8032 6478 7288 1376 6158 3371 5170 5278 5767 7848 9421 3636 4570 10586 6290 2186 9755 
13385 11213 4936 9573 9004 1443 4897 12145 2684 10018 8990 5464 10990 11205 0 7607 7321 11699 5827 5950 3416 9117 2440 7152 7541 7369 9117 7245 11976 11577 6133 8130 3299 9447 4727 3917 12149 5047 13586 6035 5927 5438 3357 2598 8363 11325 3167 9047 13391 3234 
8600 8306 12543 9100 16611 8374 2710 7482 4923 17625 4205 12125 11809 6760 7607 0 5380 7970 3240 1657 4191 4332 10047 5929 15148 2584 16724 14852 7191 7568 13740 2075 4308 14792 5816 11300 8136 11478 10131 3552 7912 7615 8132 5009 10396 11330 10774 13050 8606 4373 
6064 3892 7163 3720 11231 5878 5140 4824 5583 12245 3061 6745 6429 3884 7321 5380 0 4378 2140 4177 4603 1796 9327 549 9768 3212 11344 9472 4655 4256 8360 5903 5326 9412 2594 5920 4828 6098 6265 1828 2532 2235 3964 5537 5016 5950 6702 7670 6070 5871 
1686 486 10973 2126 8641 10256 9518 488 9961 9655 5651 6235 3839 1210 11699 7970 4378 0 5872 8555 8981 4098 13705 4547 7178 5802 8754 7366 1229 402 9820 8493 9704 6822 6972 7782 450 6652 2161 5664 5772 6261 8342 9915 3336 3360 11080 5080 1692 10249 
7558 5386 9303 5860 13371 5134 3646 6318 4089 14385 3163 8885 8569 5378 5827 3240 2140 5872 0 2683 3109 3290 7833 2689 11908 1542 13484 11612 6149 5750 10500 3763 3832 11552 2576 8060 6322 8238 7759 312 4672 4375 4892 4043 7156 8090 7534 9810 7564 4377 
10241 8069 10886 7443 14954 6717 1053 9001 3266 15968 5846 10468 10152 8061 5950 1657 4177 8555 2683 0 2534 5973 8390 4272 13491 4225 15067 13195 8832 8433 12083 3716 2651 13135 4159 9643 9005 9821 10442 2891 6255 5958 6475 3352 8739 9673 9117 11393 10247 2716 
10667 8495 8352 6855 12420 4183 1481 9427 980 13434 6272 7934 8272 8487 3416 4191 4603 8981 3109 2534 0 6399 5856 4434 10957 4651 12533 10661 9258 8859 9549 4714 723 10601 2009 7109 9431 7287 10868 3317 3721 3424 3941 934 6205 8607 6583 8859 10673 1268 
4452 4434 8671 5228 12739 7674 6936 3610 7379 13753 1553 8253 7937 2888 9117 4332 1796 4098 3290 5973 6399 0 11123 2057 11276 1748 12852 10980 2869 3696 9868 4395 7122 10920 4390 7428 4264 7606 6259 3082 4040 3743 5760 7333 6524 7458 8498 9178 4274 7667 
15391 13219 2732 11579 10132 3449 7337 14151 5124 7578 10996 7470 12996 13211 2440 10047 9327 13705 7833 8390 5856 11123 0 9158 9259 9375 9131 6339 13982 13583 3885 10570 5739 11453 6733 5923 14155 7053 15592 8041 7933 7444 5363 5038 10369 13331 2625 11053 15397 5674 
6233 4061 6614 3171 10682 5709 4971 4993 5414 11696 3610 6196 5880 4053 7152 5929 549 4547 2689 4272 4434 2057 9158 0 9219 3761 10795 8923 4824 4425 7811 6452 5157 8863 2425 5371 4997 5549 6434 2377 1983 1714 3795 5368 4467 5401 6533 7121 6239 5702 
6824 6842 6527 6048 1463 6774 12438 7666 10225 2477 12829 3023 3737 8388 7541 15148 9768 7178 11908 13491 10957 11276 9259 9219 0 12980 1576 2920 8407 7580 5374 15671 10840 2194 9332 3848 7012 3670 6333 11596 7236 7533 7016 10139 4752 4072 6634 2098 7784 10775 
6156 6138 10375 6932 14443 6206 5188 5314 5631 15457 1621 9957 9641 4592 7369 2584 3212 5802 1542 4225 4651 1748 9375 3761 12980 0 14556 12684 4607 5400 11572 2691 5374 12624 3648 9132 5968 9310 7963 1384 5744 5447 5964 5585 8228 9162 8606 10882 6022 5919 
8400 8418 6399 7624 1001 8350 14014 9242 11801 1677 14405 4599 4915 9964 9117 16724 11344 8754 13484 15067 12533 12852 9131 10795 1576 14556 0 2792 9983 9156 5246 17247 12416 2322 10908 5424 8588 5246 6593 13172 8812 9109 8592 11715 6328 5394 6506 3674 9360 12351 
9052 6880 3607 5752 3793 6478 12142 7812 9929 2773 12533 2727 6657 8092 7245 14852 9472 7366 11612 13195 10661 10980 6339 8923 2920 12684 2792 0 8111 7284 2454 15375 10544 5114 9036 3552 7816 3374 9253 11300 6940 7237 6720 9843 4456 6992 4078 4714 9058 10479 
1583 1565 11250 2403 9870 10533 9795 741 10238 10884 4422 6512 5068 771 11976 7191 4655 1229 6149 8832 9258 2869 13982 4824 8407 4607 9983 8111 0 827 10097 7264 9981 8051 7249 8059 1395 6929 3390 5941 6049 6538 8619 10192 3655 4589 11357 6309 1415 10526 
1808 738 10851 2004 9043 10134 9396 568 9839 10057 5249 6113 4241 808 11577 7568 4256 402 5750 8433 8859 3696 13583 4425 7580 5400 9156 7284 827 0 9698 8091 9582 7224 6850 7660 572 6530 2563 5542 5650 6139 8220 9793 3214 3762 10958 5482 1814 10127 
11506 9334 1197 7694 6247 5366 11030 10266 8817 3885 11421 3585 9111 9326 6133 13740 8360 9820 10500 12083 9549 9868 3885 7811 5374 11572 5246 2454 10097 9698 0 14263 9432 7568 7924 2440 10270 3168 11707 10188 5828 6125 5608 8731 6484 9446 2966 7168 11512 9367 
8847 8829 13066 9623 17134 8897 4679 8005 5446 18148 2842 12648 12332 7283 8130 2075 5903 8493 3763 3716 4714 4395 10570 6452 15671 2691 17247 15375 7264 8091 14263 0 4865 15315 6339 11823 8659 12001 10654 4075 8435 8138 8655 5532 10919 11853 11297 13573 7887 5410 
11390 9218 8235 7578 12303 4066 1598 10150 615 13317 6995 7817 8995 9210 3299 4308 5326 9704 3832 2651 723 7122 5739 5157 10840 5374 12416 10544 9981 9582 9432 4865 0 10484 2732 6992 10154 7170 11591 4040 3932 3443 3824 701 6368 9330 6466 8742 11396 545 
6468 6486 8721 5692 1819 8004 12082 7310 9869 3999 12473 3983 2983 8032 9447 14792 9412 6822 11552 13135 10601 10920 11453 8863 2194 12624 2322 5114 8051 7224 7568 15315 10484 0 8976 5530 6656 4400 4661 11240 6880 7177 6660 9783 4396 3462 8828 1742 7428 10419 
8658 6486 6727 4846 10795 3284 3106 7418 2989 11809 4263 6309 6263 6478 4727 5816 2594 6972 2576 4159 2009 4390 6733 2425 9332 3648 10908 9036 7249 6850 7924 6339 2732 8976 0 5484 7422 5662 8859 2264 2096 1799 2316 2943 4580 6598 4958 7234 8664 3277 
9468 7296 3191 5656 5311 2926 8590 8228 6377 6325 8981 1547 7073 7288 3917 11300 5920 7782 8060 9643 7109 7428 5923 5371 3848 9132 5424 3552 8059 7660 2440 11823 6992 5530 5484 0 8232 1130 9669 7748 3388 3685 3168 6291 4446 7408 3298 5130 9474 6927 
1236 936 11423 2576 8475 10706 9968 654 10411 9489 5817 6685 3673 1376 12149 8136 4828 450 6322 9005 9431 4264 14155 4997 7012 5968 8588 7816 1395 572 10270 8659 10154 6656 7422 8232 0 7102 1995 6114 6222 6711 8792 10365 3786 3194 11530 4914 1242 10699 
8338 6166 4321 4526 5133 3604 8768 7098 6555 6147 9159 647 5943 6158 5047 11478 6098 6652 8238 9821 7287 7606 7053 5549 3670 9310 5246 3374 6929 6530 3168 12001 7170 4400 5662 1130 7102 0 8539 7926 3566 3863 3346 6469 3316 6278 4428 4000 8344 7105 
1807 2373 12860 4013 6480 12143 11405 2649 11848 8138 7812 8122 2596 3371 13586 10131 6265 2161 7759 10442 10868 6259 15592 6434 6333 7963 6593 9253 3390 2563 11707 10654 11591 4661 8859 9669 1995 8539 0 7551 7659 8148 10229 11802 5223 2261 12967 4539 2767 12136 
7350 5178 8991 5548 13059 4822 3854 6110 4297 14073 2955 8573 8257 5170 6035 3552 1828 5664 312 2891 3317 3082 8041 2377 11596 1384 13172 11300 5941 5542 10188 4075 4040 11240 2264 7748 6114 7926 7551 0 4360 4063 4580 4251 6844 7778 7222 9498 7356 4585 
7458 5286 5201 3646 8699 4484 5202 6218 4189 9713 5593 4213 5063 5278 5927 7912 2532 5772 4672 6255 3721 4040 7933 1983 7236 5744 8812 6940 6049 5650 5828 8435 3932 6880 2096 3388 6222 3566 7659 4360 0 489 2570 4143 2484 5398 5308 5138 7464 4477 
7947 5775 4928 4135 8996 3995 4905 6707 3700 10010 5296 4510 5552 5767 5438 7615 2235 6261 4375 5958 3424 3743 7444 1714 7533 5447 9109 7237 6538 6139 6125 8138 3443 7177 1799 3685 6711 3863 8148 4063 489 0 2081 3654 2925 5887 4819 5435 7953 3988 
10028 7856 4411 6216 8479 1914 5422 8788 3209 9493 5813 3993 7633 7848 3357 8132 3964 8342 4892 6475 3941 5760 5363 3795 7016 5964 8592 6720 8619 8220 5608 8655 3824 6660 2316 3168 8792 3346 10229 4580 2570 2081 0 3123 5006 7968 2738 5690 10034 3759 
11601 9429 7534 7789 11602 3365 2299 10361 86 12616 7206 7116 9206 9421 2598 5009 5537 9915 4043 3352 934 7333 5038 5368 10139 5585 11715 9843 10192 9793 8731 5532 701 9783 2943 6291 10365 6469 11802 4251 4143 3654 3123 0 6579 9541 5765 8041 11607 636 
5022 2850 7637 1296 6215 6920 7686 3782 6625 7229 8077 2899 2627 3636 8363 10396 5016 3336 7156 8739 6205 6524 10369 4467 4752 8228 6328 4456 3655 3214 6484 10919 6368 4396 4580 4446 3786 3316 5223 6844 2484 2925 5006 6579 0 2962 7744 2654 5028 6913 
3006 3024 10599 2230 5281 9882 9144 3848 9587 6295 9011 5861 479 4570 11325 11330 5950 3360 8090 9673 8607 7458 13331 5401 4072 9162 5394 6992 4589 3762 9446 11853 9330 3462 6598 7408 3194 6278 2261 7778 5398 5887 7968 9541 2962 0 10706 2278 3966 9875 
12766 10594 1769 8954 7507 2400 8064 11526 5851 6851 8455 4845 10371 10586 3167 10774 6702 11080 7534 9117 6583 8498 2625 6533 6634 8606 6506 4078 11357 10958 2966 11297 6466 8828 4958 3298 11530 4428 12967 7222 5308 4819 2738 5765 7744 10706 0 8428 12772 6401 
4726 4744 8321 3950 3561 7604 10340 5568 8127 4575 10731 3583 1943 6290 9047 13050 7670 5080 9810 11393 8859 9178 11053 7121 2098 10882 3674 4714 6309 5482 7168 13573 8742 1742 7234 5130 4914 4000 4539 9498 5138 5435 5690 8041 2654 2278 8428 0 5686 8677 
960 2178 12665 3818 9247 11948 11210 1246 11653 10261 5045 7927 4445 2186 13391 8606 6070 1692 7564 10247 10673 4274 15397 6239 7784 6022 9360 9058 1415 1814 11512 7887 11396 7428 8664 9474 1242 8344 2767 7356 7464 7953 10034 11607 5028 3966 12772 5686 0 11941 
11935 9763 8170 8123 12238 4001 1663 10695 550 13252 7540 7752 9540 9755 3234 4373 5871 10249 4377 2716 1268 7667 5674 5702 10775 5919 12351 10479 10526 10127 9367 5410 545 10419 3277 6927 10699 7105 12136 4585 4477 3988 3759 636 6913 9875 6401 8677 11941 0 
