16
0 379 288 162 383 81 380 354 278 233 306 313 212 272 50 256
379 0 169 274 200 24 349 323 100 208 110 149 218 90 234 250
288 169 0 240 241 167 144 384 282 116 234 327 69 187 182 327
162 274 240 0 314 224 131 287 384 321 309 110 91 27 372 88
383 200 241 314 0 216 47 31 13 10 55 265 73 174 205 33
81 24 167 224 216 0 299 95 269 319 201 346 345 307 129 182
380 349 144 131 47 299 0 42 321 134 260 327 379 199 330 262
354 323 384 287 31 95 42 0 359 206 372 247 315 322 207 96
278 100 282 384 13 269 321 359 0 48 268 110 10 386 327 233
233 208 116 321 10 319 134 206 48 0 219 2 69 261 166 131
306 110 234 309 55 201 260 372 268 219 0 32 346 149 207 395
313 149 327 110 265 346 327 247 110 2 32 0 271 330 126 249
212 218 69 91 73 345 379 315 10 69 346 271 0 235 329 318
272 90 187 27 174 307 199 322 386 261 149 330 235 0 364 165
50 234 182 372 205 129 330 207 327 166 207 126 329 364 0 220
256 250 327 88 33 182 262 96 233 131 395 249 318 165 220 0