18
0 378 270 319 12 53 137 226 36 157 238 20 382 127 221 380 231 245
378 0 400 271 385 170 109 356 24 320 34 368 367 98 44 124 178 42
270 400 0 375 346 254 398 288 372 208 91 2 112 306 29 150 213 262
319 271 375 0 37 40 283 287 211 117 34 176 268 350 293 335 94 374
12 385 346 37 0 29 70 300 4 86 65 181 385 64 14 158 11 380
53 170 254 40 29 0 28 131 37 324 248 100 279 273 156 321 362 329
137 109 398 283 70 28 0 42 314 143 147 190 141 367 4 367 320 123
226 356 288 287 300 131 42 0 358 8 358 131 233 97 40 181 278 313
36 24 372 211 4 37 314 358 0 206 310 306 23 171 283 110 296 133
157 320 208 117 86 324 143 8 206 0 47 227 94 242 236 399 166 338
238 34 91 34 65 248 147 358 310 47 0 358 195 208 362 274 127 154
20 368 2 176 181 100 190 131 306 227 358 0 353 113 378 11 100 16
382 367 112 268 385 279 141 233 23 94 195 353 0 24 127 377 383 219
127 98 306 350 64 273 367 97 171 242 208 113 24 0 68 258 330 16
221 44 29 293 14 156 4 40 283 236 362 378 127 68 0 44 214 79
380 124 150 335 158 321 367 181 110 399 274 11 377 258 44 0 65 389
231 178 213 94 11 362 320 278 296 166 127 100 383 330 214 65 0 251
245 42 262 374 380 329 123 313 133 338 154 16 219 16 79 389 251 0