20
0 241 147 51 7 209 334 106 88 327 296 356 372 387 244 111 176 349 357 249
241 0 337 209 67 173 97 338 278 257 16 32 160 63 139 246 375 222 183 61
147 337 0 59 18 248 66 232 345 146 290 114 320 204 383 137 263 95 279 59
51 209 59 0 184 336 302 319 240 57 192 43 382 43 199 105 105 209 101 139
7 67 18 184 0 177 294 156 308 222 105 318 92 83 130 159 97 145 298 399
209 173 248 336 177 0 362 181 349 285 109 92 196 51 139 272 191 111 309 154
334 97 66 302 294 362 0 387 7 28 78 374 399 107 103 26 70 288 243 77
106 338 232 319 156 181 387 0 391 186 159 89 138 134 297 120 384 93 119 288
88 278 345 240 308 349 7 391 0 316 53 147 168 139 379 255 297 115 145 329
327 257 146 57 222 285 28 186 316 0 205 120 53 188 257 348 328 15 49 23
296 16 290 192 105 109 78 159 53 205 0 238 27 295 136 376 72 276 77 51
356 32 114 43 318 92 374 89 147 120 238 0 71 252 14 186 390 343 207 282
372 160 320 382 92 196 399 138 168 53 27 71 0 256 38 356 123 332 106 375
387 63 204 43 83 51 107 134 139 188 295 252 256 0 389 32 25 267 210 185
244 139 383 199 130 139 103 297 379 257 136 14 38 389 0 378 128 250 362 333
111 246 137 105 159 272 26 120 255 348 376 186 356 32 378 0 117 343 349 400
176 375 263 105 97 191 70 384 297 328 72 390 123 25 128 117 0 23 287 81
349 222 95 209 145 111 288 93 115 15 276 343 332 267 250 343 23 0 338 196
357 183 279 101 298 309 243 119 145 49 77 207 106 210 362 349 287 338 0 250
249 61 59 139 399 154 77 288 329 23 51 282 375 185 333 400 81 196 250 0